[gd_scene load_steps=5 format=3 uid="uid://ds2fpmlchv68d"]

[ext_resource type="Script" path="res://scripts/juice_items.gd" id="1_bru3f"]
[ext_resource type="PackedScene" uid="uid://t5tfeeu3rfwu" path="res://scenes/objects/ingredient.tscn" id="1_np7e4"]
[ext_resource type="PackedScene" uid="uid://5po6mejw7fgv" path="res://scenes/objects/flavor.tscn" id="2_hdgbc"]
[ext_resource type="PackedScene" uid="uid://cchjywont45ly" path="res://scenes/objects/water.tscn" id="4_ibs14"]

[node name="JuiceStuff" type="Node3D"]
transform = Transform3D(1, 0, 0, 0, 1, 0, 0, 0, 1, 0, 0, -0.2)
script = ExtResource("1_bru3f")

[node name="MandrakeRoot" parent="." instance=ExtResource("1_np7e4")]
transform = Transform3D(0.853978, 0, -0.52031, 0, 1, 0, 0.52031, 0, 0.853978, 3.16125, 0.8, 1)
Ingredient = "MandrakeRoot"

[node name="FairyWing" parent="." instance=ExtResource("1_np7e4")]
transform = Transform3D(-4.37114e-08, 0, 1, 0, 1, 0, -1, 0, -4.37114e-08, 3.5, 0.9, 0.1)
Ingredient = "FairyWing"

[node name="TrollBlood" parent="." instance=ExtResource("1_np7e4")]
transform = Transform3D(0.998923, 0, 0.0463916, 0, 1, 0, -0.0463916, 0, 0.998923, 3.4, 0.85, -0.919581)
Ingredient = "TrollBlood"

[node name="KrakenInk" parent="." instance=ExtResource("1_np7e4")]
transform = Transform3D(0.965926, 0, -0.258819, 0, 1, 0, 0.258819, 0, 0.965926, -1.2, 0.9, -3.7)
Ingredient = "KrakenInk"

[node name="SalamanderTail" parent="." instance=ExtResource("1_np7e4")]
transform = Transform3D(-4.37114e-08, 0, -1, -0.0871557, 0.996195, 3.8097e-09, 0.996195, 0.0871557, -4.35451e-08, 3.6, 1.605, -0.556)
Ingredient = "SalamanderTail"

[node name="MermaidScale" parent="." instance=ExtResource("1_np7e4")]
transform = Transform3D(1, 0, 0, 0, 1, 0, 0, 0, 1, 3.3, 0.9, -3.7)
Ingredient = "MermaidScale"

[node name="SpiderSilk" parent="." instance=ExtResource("1_np7e4")]
transform = Transform3D(0.996195, 0, -0.0871557, 0, 1, 0, 0.0871557, 0, 0.996195, 2.1, 0.9, -3.7)
Ingredient = "SpiderSilk"

[node name="DragonflyWing" parent="." instance=ExtResource("1_np7e4")]
transform = Transform3D(1, 0, 0, 0, 1, 0, 0, 0, 1, 3.6, 1.7, -2.7)
Ingredient = "DragonflyWing"

[node name="PhoenixFeather" parent="." instance=ExtResource("1_np7e4")]
transform = Transform3D(1, 0, 0, 0, 1, 0, 0, 0, 1, 3.2, 0.9, -1.8)
Ingredient = "PhoenixFeather"

[node name="BasiliskFang" parent="." instance=ExtResource("1_np7e4")]
transform = Transform3D(-4.37114e-08, 0, -1, 0, 1, 0, 1, 0, -4.37114e-08, 3.5, 0.9, -2.7)
Ingredient = "BasiliskFang"

[node name="UnicornHorn" parent="." instance=ExtResource("1_np7e4")]
transform = Transform3D(1, 0, 0, 0, 1, 0, 0, 0, 1, 0.3, 0.9, -3.5)
Ingredient = "UnicornHorn"

[node name="CentaurHoof" parent="." instance=ExtResource("1_np7e4")]
transform = Transform3D(-0.997053, -0.076719, 0, 0.076719, -0.997053, 0, 0, 0, 1, 1.1, 1.9, -3.801)
Ingredient = "CentaurHoof"

[node name="HippogriffTalon" parent="." instance=ExtResource("1_np7e4")]
transform = Transform3D(1, 0, 0, 0, 1, 0, 0, 0, 1, -0.4, 1.5, -3.856)
Ingredient = "HippogriffTalon"

[node name="GriffinFeather" parent="." instance=ExtResource("1_np7e4")]
transform = Transform3D(-4.37114e-08, -0.0226873, 0.999743, 0, 0.999743, 0.0226873, -1, 9.91695e-10, -4.37001e-08, -1.8, 1.4, -3.856)
Ingredient = "GriffinFeather"

[node name="ChimeraFlame" parent="." instance=ExtResource("1_np7e4")]
transform = Transform3D(0.984808, 0, 0.173648, 0, 1, 0, -0.173648, 0, 0.984808, -2.5, 0.9, -3.7)
Ingredient = "ChimeraFlame"

[node name="GorgonBlood" parent="." instance=ExtResource("1_np7e4")]
transform = Transform3D(1, 0, 0, 0, 1, 0, 0, 0, 1, -3.1, 0.9, -3.6)
Ingredient = "GorgonBlood"

[node name="DryadSap" parent="." instance=ExtResource("1_np7e4")]
transform = Transform3D(0.965926, 0, 0.258819, 0, 1, 0, -0.258819, 0, 0.965926, -3.54, 0.9, -3.1)
Ingredient = "DryadSap"

[node name="Strawberry" parent="." instance=ExtResource("2_hdgbc")]
transform = Transform3D(0.608, 0, 0, 0, 0.608, 0, 0, 0, 0.608, -0.6, 0, 1)
Flavor = "Strawberry"

[node name="Banana" parent="." instance=ExtResource("2_hdgbc")]
transform = Transform3D(0.608, 0, 0, 0, 0.608, 0, 0, 0, 0.608, -0.2, 0, 0.9)
Flavor = "Banana"

[node name="Pineapple" parent="." instance=ExtResource("2_hdgbc")]
transform = Transform3D(0.608, 0, 0, 0, 0.608, 0, 0, 0, 0.608, 0.2, 0, 1.1)
Flavor = "Pineapple"

[node name="Blueberry" parent="." instance=ExtResource("2_hdgbc")]
transform = Transform3D(0.608, 0, 0, 0, 0.608, 0, 0, 0, 0.608, 0.7, 0, 1)
Flavor = "Blueberry"

[node name="Watermelon" parent="." instance=ExtResource("2_hdgbc")]
transform = Transform3D(0.608, 0, 0, 0, 0.608, 0, 0, 0, 0.608, 1.2, 0, 1)
Flavor = "Watermelon"

[node name="Orange" parent="." instance=ExtResource("2_hdgbc")]
transform = Transform3D(0.608, 0, 0, 0, 0.608, 0, 0, 0, 0.608, 1.7, 0, 0.9)
Flavor = "Orange"

[node name="Water" parent="." instance=ExtResource("4_ibs14")]
transform = Transform3D(0.608, 0, 0, 0, 0.608, 0, 0, 0, 0.608, 2.2, 0, 1)
